054612200
054612200
054612200
054612200
054615200
060412232
060412252
060412242
060412282
051011200
051011200
051011200
003007410
002011310
000008310
054415210
002015311
002015310
031015210
002015310
051011200
002007310
049003310
000007310
002011310
000008310
054415210
003007460
002011310
000008310
054415210
002015311
049003300
000007310
002011310
000008310
054415210
003007400
002011310
000008310
054415210
002015311
031015210
002015310
003007400
002011310
000008310
054415210
051015200
011015310
002015310
000008360
056415210
002015300
003007400
002011310
000008310
054415210
002015311
031015210
002015310
003007400
002011310
000008310
054415210
011015350
002015310
000008350
056415210
003007400
002011310
000008310
054415210
002015311
003007400
002011310
000008310
054415210
002015311
031015210
002015310
003007400
002011310
000008310
054415210
011015350
002015310
000008350
056415210
003007400
002011310
000008310
054415210
002015311
049003300
000007310
002011310
000008310
054415210
002015311
002015310
031015210
002015310
003007400
002011310
000008310
054415210
011015350
002015310
000008350
056415210
003007400
002011310
000008310
054415210
000008300
054415210
003007400
002011310
000008310
054415210
002015311
002015310
031015210
002015310
003007400
002011310
000008310
054415210
011015350
002015310
000008350
056415210
000007300
002011310
000008310
054415210
002015311
002015310
003007400
002011310
000008310
054415210
031015211
002015310
003007400
002011310
000008310
054415210
011015350
002015310
000008350
056415210
003007400
002011310
000008310
054415210
002015311
031015210
002015310
003007400
002011310
000008310
054415210
011015350
002015310
000008350
056415210
002015300
002015300
031015210
002015310
003007400
002011310
000008310
054415210
011015350
002015310
000008350
056415210
003007400
002011310
000008310
054415210
003007400
002011310
000008310
054415210
002015311
031015210
002015310
003007400
002011310
000008310
054415210
011015350
002015310
000008350
056415210
003007400
002011310
000008310
054415210
002015311
031015210
002015310
003007400
002011310
000008310
054415210
011015350
002015310
000008350
056415210
002015300
002015300
031015210
002015310
003007400
002011310
000008310
054415210
011015350
002015310
000008350
056415210
002015300
002015300
031015210
002015310
003007400
002011310
000008310
054415210
011015350
002015310
000008350
056415210
002015300
003007400
002011310
000008310
054415210
002015311
031015210
002015310
003007400
002011310
000008310
054415210
011015350
002015310
000008350
056415210
002015300
002015300
031015210
002015310
003007400
002011310
000008310
054415210
011015350
002015310
000008350
056415210
002015300
003007400
002011310
000008310
054415210
002015311
031015210
002015310
003007400
002011310
000008310
054415210
011015350
002015310
000008350
056415210
003007400
002011310
000008310
054415210
002015311
003007400
002011310
000008310
054415210
002015311
031015210
002015310
003007400
002011310
000008310
054415210
011015350
002015310
000008350
056415210
002015300
003007400
002011310
000008310
054415210
011015350
002015310
000008350
056415210
002015300
002015300
031015210
002015310
003007400
002011310
000008310
054415210
011015350
002015310
000008350
056415210
002015300
003007400
002011310
000008310
054415210
031015211
002015310
003007400
002011310
000008310
054415210
011015350
002015310
000008350
056415210
002015300
002015310
003007400
002011310
000008310
054415210
031015211
002015310
003007400
002011310
000008310
054415210
011015350
002015310
000008350
056415210
002015300
031015210
002015310
003007400
002011310
000008310
054415210
011015350
002015310
000008350
056415210
002015300
002015300
031015210
002015310
003007400
002011310
000008310
054415210
011015350
002015310
000008350
056415210
002015300
031015210
002015310
003007400
002011310
000008310
054415210
011015350
002015310
000008350
056415210
002015300
031015200
002015310
003007400
002011310
000008310
054415210
011015350
002015310
000008350
056415210
002015300
002015300
031015210
002015310
003007400
002011310
000008310
054415210
011015350
002015310
000008350
056415210
